x <- c(1:10)
